2000
115 124236
164 171178
105 107658
149 149771
136 143574
157 158283
114 123473
105 110162
159 166585
192 201720
179 181070
130 133042
145 149373
131 138248
169 171592
168 176494
128 130796
128 130786
147 154515
152 159674
140 149446
113 115329
126 127074
108 115410
189 194795
119 120631
160 162844
159 159792
124 132598
137 141564
181 182432
111 113268
100 102640
155 161631
162 165188
138 142216
102 102026
181 187030
199 202145
117 117015
129 137784
133 135042
176 178660
173 181606
175 178147
146 153196
148 148000
174 180430
154 156170
193 195735
112 118599
162 168717
189 196896
187 187531
106 107633
163 167337
115 116297
104 106667
114 115572
118 119359
148 150021
158 158444
188 195183
163 169919
174 177377
149 155911
198 200561
101 102826
105 110808
192 198044
184 191189
171 172520
158 161350
143 148632
187 190549
173 181994
142 142194
195 196152
134 143634
159 160156
182 182175
165 165696
137 140328
173 180172
191 198941
183 186755
176 182436
128 136394
119 127581
122 124889
186 189275
105 112730
130 131259
122 131240
128 135912
140 143722
159 167865
152 159828
132 132307
118 121761
